 aaaammgghhpp  FERRAN   ARGE01   CALAMA   LAPRES   NERV01   PBATTO   STUR00   IMPTRE   ARRO01   PENNEV   ACQULE   SECCPO   PONTEX   LAVA01   TREB01   SCRBUS   CARCAR   STSGIU 
 202202080000     0.00     0.00     0.00     0.00     0.00     0.00     0.00     0.00     0.00     0.00     0.00     0.00     0.00     0.00     0.00     0.00     0.00     0.00
 202202080100     0.00     0.00     0.00     0.00     0.00     0.00     0.00     0.00     0.00     0.00     0.00     0.00     0.02     0.00     0.00     0.01     0.00     0.00
 202202080200     0.00     0.00     0.22     0.00     0.00     0.00     0.00     0.00     0.00     0.00     0.10     0.00     0.11     0.02     0.04     0.06     0.00     0.00
 202202080300     0.00     0.00     0.68     0.08     0.00     0.13     0.01     0.00     0.00     0.00     0.12     0.00     0.17     0.07     0.08     0.27     0.00     0.00
 202202080400     0.00     0.00     1.32     0.34     0.00     0.32     0.10     0.00     0.00     0.00     0.16     0.00     0.17     0.15     0.08     0.48     0.00     0.00
 202202080500     0.00     0.00     2.03     0.56     0.01     1.01     0.28     0.00     0.00     0.00     0.21     0.04     0.37     0.53     0.29     0.59     0.00     0.00
 202202080600     0.00     0.00     2.84     1.24     0.02     2.10     0.52     0.00     0.00     0.00     0.31     0.09     0.69     0.99     0.64     1.62     0.00     0.00
 202202080700     0.00     0.00     3.73     1.64     0.02     4.43     0.88     0.00     0.00     0.00     0.39     0.18     0.91     1.80     0.92     3.56     0.00     0.00
 202202080800     0.00     0.00     4.79     1.89     0.03     7.71     1.22     0.00     0.00     0.00     0.49     0.27     1.23     2.84     1.48     5.75     0.00     0.00
 202202080900     0.00     0.00     5.99     2.48     0.03    11.59     1.80     0.00     0.00     0.00     0.57     0.29     1.42     3.84     2.11     7.20     0.00     0.00
 202202081000     0.00     0.00     7.65     3.07     0.03    15.29     2.34     0.00     0.00     0.00     0.64     0.32     1.56     4.72     2.30     9.23     0.00     0.00
 202202081100     0.00     0.00     8.98     3.40     0.03    19.07     2.82     0.00     0.00     0.00     0.63     0.38     1.74     5.53     2.72    11.26     0.00     0.00
 202202081200     0.00     0.00    10.56     3.62     0.03    22.93     3.37     0.00     0.00     0.00     0.69     0.41     1.90     5.98     3.12    12.98     0.00     0.00
 202202081300     0.00     0.00    12.04     3.76     0.03    26.55     4.00     0.00     0.00     0.00     0.76     0.47     1.96     6.63     3.34    14.59     0.00     0.01
 202202081400     0.00     0.00    13.27     3.90     0.03    30.16     4.53     0.00     0.00     0.00     0.80     0.53     1.96     7.16     3.65    15.58     0.00     0.04
 202202081500     0.00     0.00    14.58     4.00     0.03    32.88     4.95     0.00     0.00     0.00     0.80     0.56     1.99     7.61     3.91    16.42     0.00     0.06
 202202081600     0.00     0.00    15.51     4.04     0.03    35.26     5.55     0.00     0.00     0.00     0.83     0.61     2.02     8.02     4.01    16.89     0.00     0.06
 202202081700     0.00     0.00    16.53     4.10     0.03    36.86     6.16     0.00     0.00     0.00     0.87     0.61     2.04     8.47     4.03    17.36     0.00     0.06
 202202081800     0.00     0.00    17.51     4.14     0.03    38.70     6.57     0.00     0.00     0.00     0.89     0.62     2.03     8.87     4.08    17.80     0.00     0.06
 202202081900     0.00     0.00    18.83     4.19     0.03    40.20     7.04     0.00     0.00     0.00     0.93     0.71     2.02     9.18     4.22    18.09     0.00     0.06
 202202082000     0.00     0.00    19.80     4.26     0.02    41.62     7.28     0.00     0.00     0.00     0.97     0.73     2.07     9.47     4.36    18.23     0.00     0.07
 202202082100     0.00     0.00    20.67     4.26     0.02    42.84     7.40     0.00     0.00     0.00     0.96     0.73     2.13     9.72     4.39    18.42     0.00     0.07
 202202082200     0.00     0.00    21.40     4.29     0.02    43.98     7.64     0.00     0.00     0.00     0.98     0.75     2.19     9.87     4.49    18.61     0.00     0.11
 202202082300     0.00     0.00    22.31     4.29     0.02    45.39     7.88     0.00     0.00     0.00     1.00     0.80     2.20    10.00     4.54    18.70     0.00     0.14
 202202090000     0.00     0.00    23.24     4.27     0.02    46.17     8.00     0.00     0.00     0.00     1.00     0.85     2.21    10.11     4.57    18.71     0.00     0.15
 202202090100     0.00     0.00    23.95     4.23     0.02    46.96     8.09     0.00     0.00     0.00     1.00     0.86     2.22    10.18     4.61    18.71     0.00     0.15
 202202090200     0.00     0.00    24.66     4.21     0.02    47.50     8.19     0.00     0.00     0.00     1.00     0.89     2.24    10.35     4.67    18.74     0.00     0.15
 202202090300     0.00     0.00    25.23     4.18     0.02    47.84     8.29     0.00     0.00     0.00     0.99     0.92     2.24    10.62     4.69    18.67     0.00     0.15
 202202090400     0.00     0.00    25.84     4.16     0.02    48.25     8.37     0.00     0.00     0.00     1.02     0.94     2.22    10.74     4.70    18.54     0.00     0.15
 202202090500     0.00     0.00    26.44     4.12     0.02    48.50     8.43     0.00     0.00     0.00     1.03     0.94     2.20    10.82     4.75    18.41     0.00     0.15
 202202090600     0.00     0.00    26.97     4.08     0.02    48.69     8.47     0.00     0.00     0.00     1.01     0.94     2.18    10.88     4.76    18.27     0.00     0.15
 202202090700     0.00     0.00    27.42     4.04     0.02    48.77     8.54     0.00     0.00     0.00     1.00     0.95     2.18    10.86     4.72    18.12     0.00     0.15
 202202090800     0.00     0.00    27.94     3.98     0.02    48.74     8.56     0.00     0.00     0.00     0.99     0.95     2.18    10.89     4.68    17.96     0.00     0.15
 202202090900     0.00     0.00    28.46     3.94     0.02    48.84     8.59     0.00     0.00     0.00     0.98     0.96     2.22    10.94     4.64    17.79     0.00     0.15
 202202091000     0.00     0.00    29.25     3.89     0.02    48.88     8.59     0.00     0.00     0.00     0.98     0.95     2.24    10.92     4.61    17.59     0.00     0.14
 202202091100     0.00     0.00    29.75     3.85     0.01    48.75     8.58     0.00     0.00     0.00     0.99     0.95     2.24    10.90     4.60    17.40     0.00     0.14
 202202091200     0.00     0.00    30.25     3.80     0.01    48.68     8.67     0.00     0.00     0.00     0.98     0.95     2.23    10.95     4.57    17.24     0.00     0.14
 202202091300     0.00     0.00    30.51     3.75     0.01    48.55     8.70     0.00     0.00     0.00     0.98     0.95     2.23    11.02     4.56    17.03     0.00     0.14
 202202091400     0.00     0.00    30.85     3.70     0.01    48.37     8.72     0.00     0.00     0.00     0.97     0.97     2.21    11.05     4.54    16.82     0.00     0.13
 202202091500     0.00     0.00    31.19     3.65     0.01    48.12     8.73     0.00     0.00     0.00     0.98     1.03     2.19    11.04     4.51    16.62     0.00     0.13
 202202091600     0.00     0.00    31.36     3.60     0.01    47.87     8.69     0.00     0.00     0.00     0.97     1.11     2.19    11.03     4.48    16.41     0.00     0.13
 202202091700     0.00     0.00    31.56     3.56     0.01    47.58     8.65     0.00     0.00     0.00     0.96     1.14     2.20    11.00     4.48    16.20     0.00     0.13
 202202091800     0.00     0.00    31.80     3.51     0.01    47.31     8.62     0.00     0.00     0.00     0.95     1.14     2.18    10.91     4.46    16.01     0.00     0.13
 202202091900     0.00     0.00    32.03     3.47     0.01    47.02     8.59     0.00     0.00     0.00     0.94     1.14     2.19    10.86     4.42    15.82     0.00     0.12
 202202092000     0.00     0.00    32.23     3.43     0.01    46.75     8.58     0.00     0.00     0.00     0.93     1.14     2.19    10.82     4.37    15.62     0.00     0.12
 202202092100     0.00     0.00    32.42     3.38     0.01    46.38     8.53     0.00     0.00     0.00     0.93     1.14     2.18    10.75     4.36    15.46     0.00     0.12
 202202092200     0.00     0.00    32.47     3.33     0.01    45.98     8.51     0.00     0.00     0.00     0.93     1.16     2.16    10.67     4.32    15.27     0.00     0.12
 202202092300     0.00     0.00    32.50     3.29     0.01    45.64     8.54     0.00     0.00     0.00     0.92     1.20     2.14    10.64     4.28    15.08     0.00     0.11
 202202100000     0.00     0.00    32.66     3.25     0.01    45.30     8.51     0.00     0.00     0.00     0.90     1.21     2.13    10.63     4.25    14.91     0.00     0.11
 202202100100     0.00     0.00    32.68     3.21     0.01    45.00     8.50     0.00     0.00     0.00     0.89     1.21     2.13    10.54     4.20    14.73     0.00     0.11
 202202100200     0.00     0.00    32.58     3.17     0.01    44.62     8.45     0.00     0.00     0.00     0.88     1.23     2.11    10.52     4.17    14.57     0.00     0.11
 202202100300     0.00     0.00    32.62     3.13     0.01    44.23     8.40     0.00     0.00     0.00     0.87     1.22     2.10    10.50     4.14    14.41     0.00     0.11
 202202100400     0.00     0.00    32.67     3.09     0.01    43.86     8.37     0.00     0.00     0.00     0.86     1.23     2.13    10.46     4.11    14.25     0.00     0.10
 202202100500     0.00     0.00    32.80     3.04     0.01    43.51     8.33     0.00     0.00     0.00     0.85     1.23     2.12    10.41     4.06    14.09     0.00     0.10
 202202100600     0.00     0.00    32.84     3.00     0.01    43.18     8.28     0.00     0.00     0.00     0.84     1.24     2.14    10.40     4.02    13.92     0.00     0.10
 202202100700     0.00     0.00    33.00     2.96     0.01    42.86     8.25     0.00     0.00     0.00     0.83     1.23     2.13    10.32     3.97    13.76     0.00     0.10
 202202100800     0.00     0.00    33.06     2.92     0.01    42.50     8.20     0.00     0.00     0.00     0.82     1.22     2.11    10.24     3.93    13.58     0.00     0.09
 202202100900     0.00     0.00    33.12     2.89     0.01    42.10     8.13     0.00     0.00     0.00     0.81     1.22     2.13    10.17     3.89    13.42     0.00     0.09
 202202101000     0.00     0.00    32.77     1.55     0.01    40.91     7.79     0.00     0.00     0.00     0.39     0.85     1.64     9.55     2.25    12.58     0.00     0.05
 202202101100     0.00     0.00    27.65     0.17     0.00    35.10     3.63     0.00     0.00     0.00     0.06     0.23     0.14     6.67     0.83     9.71     0.00     0.02
 202202101200     0.00     0.00    20.33     0.02     0.00    27.83     0.53     0.00     0.00     0.00     0.02     0.16     0.00     2.75     0.56     3.81     0.00     0.00
 202202101300     0.00     0.00     9.65     0.00     0.00    20.55     0.12     0.00     0.00     0.00     0.00     0.04     0.00     0.22     0.27     1.26     0.00     0.00
 202202101400     0.00     0.00     2.56     0.00     0.00    12.09     0.01     0.00     0.00     0.00     0.00     0.00     0.00     0.05     0.17     0.54     0.00     0.00
 202202101500     0.00     0.00     1.03     0.00     0.00     4.37     0.00     0.00     0.00     0.00     0.00     0.00     0.00     0.00     0.10     0.26     0.00     0.00
 202202101600     0.00     0.00     0.50     0.00     0.00     1.38     0.00     0.00     0.00     0.00     0.00     0.00     0.00     0.00     0.03     0.09     0.00     0.00
 202202101700     0.00     0.00     0.26     0.00     0.00     0.56     0.00     0.00     0.00     0.00     0.00     0.00     0.00     0.00     0.00     0.00     0.00     0.00
 202202101800     0.00     0.00     0.15     0.00     0.00     0.21     0.00     0.00     0.00     0.00     0.00     0.00     0.00     0.00     0.00     0.00     0.00     0.00
 202202101900     0.00     0.00     0.10     0.00     0.00     0.12     0.00     0.00     0.00     0.00     0.00     0.00     0.00     0.00     0.00     0.00     0.00     0.00
 202202102000     0.00     0.00     0.06     0.00     0.00     0.03     0.00     0.00     0.00     0.00     0.00     0.00     0.00     0.00     0.00     0.00     0.00     0.00
 202202102100     0.00     0.00     0.00     0.00     0.00     0.00     0.00     0.00     0.00     0.00     0.00     0.00     0.00     0.00     0.00     0.00     0.00     0.00
 202202102200     0.00     0.00     0.00     0.00     0.00     0.00     0.00     0.00     0.00     0.00     0.00     0.00     0.00     0.00     0.00     0.00     0.00     0.00
 202202102300     0.00     0.00     0.00     0.00     0.00     0.00     0.00     0.00     0.00     0.00     0.00     0.00     0.00     0.00     0.00     0.00     0.00     0.00
 202202110000     0.00     0.00     0.00     0.00     0.00     0.00     0.00     0.00     0.00     0.00     0.00     0.00     0.00     0.00     0.00     0.00     0.00     0.00
 202202110100     0.00     0.00     0.00     0.00     0.00     0.00     0.00     0.00     0.00     0.00     0.00     0.00     0.00     0.00     0.00     0.00     0.00     0.00
