aaaammgghhpp	FERRAN	ARGE01	CALAMA	LAPRES	NERV01	PBATTO	STUR00	IMPTRE	ARRO01	PENNEV	ACQULE	SECCPO	PONTEX	LAVA01	TREB01	SCRBUS	CARCAR	STSGIU	
202202080000	0.15	0.00	8.57	0.00	0.00	2.65	0.00	0.00	0.00	0.00	0.00	0.00	0.70	1.58	0.00	0.00	0.00	0.00	
202202080100	0.15	0.00	8.05	0.00	0.00	2.49	0.00	0.00	0.00	0.00	0.00	0.00	0.68	1.48	0.00	0.01	0.00	0.00	
202202080200	0.15	0.00	7.78	0.00	0.00	2.34	0.00	0.00	0.00	0.00	0.10	0.00	0.73	1.41	0.04	0.06	0.00	0.00	
202202080300	0.15	0.00	7.78	0.08	0.00	2.32	0.01	0.00	0.00	0.00	0.12	0.00	0.75	1.38	0.08	0.27	0.00	0.00	
202202080400	0.15	0.00	7.99	0.34	0.00	2.38	0.10	0.00	0.00	0.00	0.16	0.00	0.72	1.38	0.08	0.48	0.00	0.00	
202202080500	0.15	0.00	8.30	0.56	0.01	2.95	0.28	0.00	0.00	0.00	0.21	0.04	0.89	1.68	0.29	0.59	0.00	0.00	
202202080600	0.15	0.00	8.73	1.24	0.02	3.92	0.52	0.00	0.00	0.00	0.31	0.09	1.17	2.07	0.64	1.62	0.00	0.00	
202202080700	0.15	0.00	9.26	1.64	0.02	6.14	0.88	0.00	0.00	0.00	0.39	0.18	1.36	2.82	0.92	3.56	0.00	0.00	
202202080800	0.15	0.00	9.99	1.89	0.03	9.32	1.22	0.00	0.00	0.00	0.49	0.27	1.66	3.80	1.48	5.75	0.00	0.00	
202202080900	0.15	0.00	10.87	2.48	0.03	13.10	1.80	0.00	0.00	0.00	0.57	0.29	1.82	4.74	2.11	7.20	0.00	0.00	
202202081000	0.15	0.00	12.24	3.07	0.03	16.71	2.34	0.00	0.00	0.00	0.64	0.32	1.94	5.56	2.30	9.23	0.00	0.00	
202202081100	0.15	0.00	13.29	3.40	0.03	20.40	2.82	0.00	0.00	0.00	0.63	0.38	2.09	6.32	2.72	11.26	0.00	0.00	
202202081200	0.15	0.00	14.61	3.62	0.03	24.18	3.37	0.00	0.00	0.00	0.69	0.41	2.23	6.73	3.12	12.98	0.00	0.00	
202202081300	0.15	0.00	15.84	3.76	0.03	27.72	4.00	0.00	0.00	0.00	0.76	0.47	2.27	7.33	3.34	14.59	0.00	0.01	
202202081400	0.15	0.00	16.84	3.90	0.03	31.26	4.53	0.00	0.00	0.00	0.80	0.53	2.25	7.82	3.65	15.58	0.00	0.04	
202202081500	0.15	0.00	17.94	4.00	0.03	33.92	4.95	0.00	0.00	0.00	0.80	0.56	2.27	8.23	3.91	16.42	0.00	0.06	
202202081600	0.15	0.00	18.66	4.04	0.03	36.23	5.55	0.00	0.00	0.00	0.83	0.61	2.28	8.60	4.01	16.89	0.00	0.06	
202202081700	0.15	0.00	19.49	4.10	0.03	37.77	6.16	0.00	0.00	0.00	0.87	0.61	2.28	9.02	4.03	17.36	0.00	0.06	
202202081800	0.15	0.00	20.29	4.14	0.03	39.56	6.57	0.00	0.00	0.00	0.89	0.62	2.26	9.38	4.08	17.80	0.00	0.06	
202202081900	0.15	0.00	21.44	4.19	0.03	41.01	7.04	0.00	0.00	0.00	0.93	0.71	2.23	9.66	4.22	18.09	0.00	0.06	
202202082000	0.15	0.00	22.25	4.26	0.02	42.38	7.28	0.00	0.00	0.00	0.97	0.73	2.27	9.92	4.36	18.23	0.00	0.07	
202202082100	0.15	0.00	22.98	4.26	0.02	43.55	7.40	0.00	0.00	0.00	0.96	0.73	2.32	10.14	4.39	18.42	0.00	0.07	
202202082200	0.15	0.00	23.57	4.29	0.02	44.65	7.64	0.00	0.00	0.00	0.98	0.75	2.37	10.27	4.49	18.61	0.00	0.11	
202202082300	0.15	0.00	24.34	4.29	0.02	46.02	7.88	0.00	0.00	0.00	1.00	0.80	2.37	10.37	4.54	18.70	0.00	0.14	
202202090000	0.15	0.00	25.15	4.27	0.02	46.76	8.00	0.00	0.00	0.00	1.00	0.85	2.37	10.46	4.57	18.71	0.00	0.15	
202202090100	0.15	0.00	25.75	4.23	0.02	47.51	8.09	0.00	0.00	0.00	1.00	0.86	2.37	10.51	4.61	18.71	0.00	0.15	
202202090200	0.15	0.00	26.35	4.21	0.02	48.02	8.19	0.00	0.00	0.00	1.00	0.89	2.38	10.66	4.67	18.74	0.00	0.15	
202202090300	0.15	0.00	26.81	4.18	0.02	48.33	8.29	0.00	0.00	0.00	0.99	0.92	2.37	10.91	4.69	18.67	0.00	0.15	
202202090400	0.15	0.00	27.33	4.16	0.02	48.71	8.37	0.00	0.00	0.00	1.02	0.94	2.34	11.01	4.70	18.54	0.00	0.15	
202202090500	0.15	0.00	27.84	4.12	0.02	48.93	8.43	0.00	0.00	0.00	1.03	0.94	2.32	11.08	4.75	18.41	0.00	0.15	
202202090600	0.15	0.00	28.28	4.08	0.02	49.10	8.47	0.00	0.00	0.00	1.01	0.94	2.29	11.12	4.76	18.27	0.00	0.15	
202202090700	0.15	0.00	28.65	4.04	0.02	49.15	8.54	0.00	0.00	0.00	1.00	0.95	2.28	11.09	4.72	18.12	0.00	0.15	
202202090800	0.15	0.00	29.10	3.98	0.02	49.10	8.56	0.00	0.00	0.00	0.99	0.95	2.28	11.10	4.68	17.96	0.00	0.15	
202202090900	0.15	0.00	29.55	3.94	0.02	49.18	8.59	0.00	0.00	0.00	0.98	0.96	2.31	11.14	4.64	17.79	0.00	0.15	
202202091000	0.15	0.00	30.27	3.89	0.02	49.20	8.59	0.00	0.00	0.00	0.98	0.95	2.32	11.11	4.61	17.59	0.00	0.14	
202202091100	0.15	0.00	30.71	3.85	0.01	49.05	8.58	0.00	0.00	0.00	0.99	0.95	2.32	11.08	4.60	17.40	0.00	0.14	
202202091200	0.15	0.00	31.15	3.80	0.01	48.96	8.67	0.00	0.00	0.00	0.98	0.95	2.30	11.12	4.57	17.24	0.00	0.14	
202202091300	0.15	0.00	31.36	3.75	0.01	48.81	8.70	0.00	0.00	0.00	0.98	0.95	2.30	11.18	4.56	17.03	0.00	0.14	
202202091400	0.15	0.00	31.65	3.70	0.01	48.62	8.72	0.00	0.00	0.00	0.97	0.97	2.28	11.20	4.54	16.82	0.00	0.13	
202202091500	0.15	0.00	31.94	3.65	0.01	48.35	8.73	0.00	0.00	0.00	0.98	1.03	2.25	11.18	4.51	16.62	0.00	0.13	
202202091600	0.15	0.00	32.06	3.60	0.01	48.09	8.69	0.00	0.00	0.00	0.97	1.11	2.25	11.16	4.48	16.41	0.00	0.13	
202202091700	0.15	0.00	32.22	3.56	0.01	47.78	8.65	0.00	0.00	0.00	0.96	1.14	2.25	11.12	4.48	16.20	0.00	0.13	
202202091800	0.15	0.00	32.42	3.51	0.01	47.50	8.62	0.00	0.00	0.00	0.95	1.14	2.23	11.02	4.46	16.01	0.00	0.13	
202202091900	0.15	0.00	32.61	3.47	0.01	47.20	8.59	0.00	0.00	0.00	0.94	1.14	2.24	10.97	4.42	15.82	0.00	0.12	
202202092000	0.15	0.00	32.78	3.43	0.01	46.92	8.58	0.00	0.00	0.00	0.93	1.14	2.24	10.92	4.37	15.62	0.00	0.12	
202202092100	0.15	0.00	32.93	3.38	0.01	46.54	8.53	0.00	0.00	0.00	0.93	1.14	2.22	10.84	4.36	15.46	0.00	0.12	
202202092200	0.15	0.00	32.95	3.33	0.01	46.13	8.51	0.00	0.00	0.00	0.93	1.16	2.20	10.76	4.32	15.27	0.00	0.12	
202202092300	0.15	0.00	32.95	3.29	0.01	45.78	8.54	0.00	0.00	0.00	0.92	1.20	2.18	10.72	4.28	15.08	0.00	0.11	
202202100000	0.15	0.00	33.09	3.25	0.01	45.43	8.51	0.00	0.00	0.00	0.90	1.21	2.17	10.71	4.25	14.91	0.00	0.11	
202202100100	0.15	0.00	33.08	3.21	0.01	45.12	8.50	0.00	0.00	0.00	0.89	1.21	2.16	10.61	4.20	14.73	0.00	0.11	
202202100200	0.15	0.00	32.96	3.17	0.01	44.74	8.45	0.00	0.00	0.00	0.88	1.23	2.14	10.59	4.17	14.57	0.00	0.11	
202202100300	0.15	0.00	32.97	3.13	0.01	44.34	8.40	0.00	0.00	0.00	0.87	1.22	2.13	10.57	4.14	14.41	0.00	0.11	
202202100400	0.15	0.00	33.00	3.09	0.01	43.96	8.37	0.00	0.00	0.00	0.86	1.23	2.16	10.52	4.11	14.25	0.00	0.10	
202202100500	0.15	0.00	33.11	3.04	0.01	43.61	8.33	0.00	0.00	0.00	0.85	1.23	2.15	10.47	4.06	14.09	0.00	0.10	
202202100600	0.15	0.00	33.13	3.00	0.01	43.27	8.28	0.00	0.00	0.00	0.84	1.24	2.16	10.45	4.02	13.92	0.00	0.10	
202202100700	0.15	0.00	33.28	2.96	0.01	42.95	8.25	0.00	0.00	0.00	0.83	1.23	2.15	10.37	3.97	13.76	0.00	0.10	
202202100800	0.15	0.00	33.32	2.92	0.01	42.58	8.20	0.00	0.00	0.00	0.82	1.22	2.13	10.29	3.93	13.58	0.00	0.09	
202202100900	0.15	0.00	33.36	2.89	0.01	42.18	8.13	0.00	0.00	0.00	0.81	1.22	2.15	10.21	3.89	13.42	0.00	0.09	
202202101000	0.15	0.00	33.00	1.55	0.01	40.98	7.79	0.00	0.00	0.00	0.39	0.85	1.66	9.59	2.25	12.58	0.00	0.05	
202202101100	0.15	0.00	27.86	0.17	0.00	35.17	3.63	0.00	0.00	0.00	0.06	0.23	0.16	6.71	0.83	9.71	0.00	0.02	
202202101200	0.15	0.00	20.53	0.02	0.00	27.89	0.53	0.00	0.00	0.00	0.02	0.16	0.02	2.79	0.56	3.81	0.00	0.00	
202202101300	0.15	0.00	9.84	0.00	0.00	20.61	0.12	0.00	0.00	0.00	0.00	0.04	0.02	0.25	0.27	1.26	0.00	0.00	
202202101400	0.15	0.00	2.74	0.00	0.00	12.14	0.01	0.00	0.00	0.00	0.00	0.00	0.01	0.08	0.17	0.54	0.00	0.00	
202202101500	0.15	0.00	1.20	0.00	0.00	4.42	0.00	0.00	0.00	0.00	0.00	0.00	0.01	0.03	0.10	0.26	0.00	0.00	
202202101600	0.15	0.00	0.66	0.00	0.00	1.43	0.00	0.00	0.00	0.00	0.00	0.00	0.01	0.03	0.03	0.09	0.00	0.00	
202202101700	0.15	0.00	0.41	0.00	0.00	0.61	0.00	0.00	0.00	0.00	0.00	0.00	0.01	0.03	0.00	0.00	0.00	0.00	
202202101800	0.15	0.00	0.29	0.00	0.00	0.25	0.00	0.00	0.00	0.00	0.00	0.00	0.01	0.03	0.00	0.00	0.00	0.00	
202202101900	0.15	0.00	0.23	0.00	0.00	0.16	0.00	0.00	0.00	0.00	0.00	0.00	0.01	0.02	0.00	0.00	0.00	0.00	
202202102000	0.15	0.00	0.18	0.00	0.00	0.07	0.00	0.00	0.00	0.00	0.00	0.00	0.01	0.02	0.00	0.00	0.00	0.00	
202202102100	0.15	0.00	0.11	0.00	0.00	0.04	0.00	0.00	0.00	0.00	0.00	0.00	0.01	0.02	0.00	0.00	0.00	0.00	
202202102200	0.15	0.00	0.11	0.00	0.00	0.03	0.00	0.00	0.00	0.00	0.00	0.00	0.01	0.02	0.00	0.00	0.00	0.00	
202202102300	0.15	0.00	0.10	0.00	0.00	0.03	0.00	0.00	0.00	0.00	0.00	0.00	0.01	0.02	0.00	0.00	0.00	0.00	
202202110000	0.15	0.00	0.10	0.00	0.00	0.03	0.00	0.00	0.00	0.00	0.00	0.00	0.01	0.02	0.00	0.00	0.00	0.00	
202202110100	0.15	0.00	0.09	0.00	0.00	0.03	0.00	0.00	0.00	0.00	0.00	0.00	0.01	0.02	0.00	0.00	0.00	0.00	
