aaaammgghhpp	ARGEME	ARMVAL	AVECAB	CAIROM	CAMINA	CARASC	FORNOL	IMPERU	MOLINE	MURIAL	DOLCEA	NEVCIS	PORTOV	SANTUA	VOBBIE	QUAZQU	BOLSTE	POLCAM	BISMOL	ROVEGN	SCRISO	CAMPST	OSIGLT	PPOGGI	
202202080000	0.65	0.00	0.71	0.00	0.48	0.90	0.00	0.00	0.00	6.01	0.00	0.27	0.36	0.00	16.25	0.00	0.11	0.00	0.00	0.87	0.00	0.00	0.00	0.00	
202202080100	0.65	0.00	0.67	0.00	0.45	0.84	0.12	0.00	0.00	6.01	0.00	0.27	0.36	0.00	15.27	0.00	0.11	0.00	0.06	0.82	0.00	0.00	0.00	0.00	
202202080200	0.65	0.00	0.63	0.00	0.42	0.81	0.29	0.00	0.10	6.01	0.00	0.27	0.36	0.00	14.38	0.00	0.11	0.09	0.08	0.77	0.12	0.00	0.00	0.00	
202202080300	0.65	0.00	0.62	0.00	0.40	0.80	0.64	0.00	0.20	6.01	0.00	0.27	0.36	0.00	13.58	0.00	0.10	0.32	0.12	0.76	0.50	0.04	0.00	0.00	
202202080400	0.65	0.00	0.64	0.00	0.37	0.82	1.69	0.00	0.25	6.00	0.00	0.27	0.36	0.00	12.77	0.00	0.10	0.51	0.37	0.76	1.10	0.23	0.00	0.00	
202202080500	0.65	0.00	0.79	0.00	0.35	1.24	2.93	0.00	0.32	6.00	0.01	0.27	0.36	0.00	12.53	0.00	0.10	0.71	0.91	1.07	1.49	0.72	0.00	0.00	
202202080600	0.65	0.00	0.96	0.00	0.48	1.86	5.01	0.00	0.49	6.00	0.02	0.27	0.36	0.00	12.90	0.00	0.10	1.10	1.41	1.61	2.08	1.49	0.00	0.00	
202202080700	0.65	0.00	1.32	0.00	0.61	2.94	7.41	0.00	0.66	6.00	0.02	0.27	0.36	0.00	12.89	0.00	0.10	1.64	2.32	3.22	3.57	2.80	0.00	0.00	
202202080800	0.65	0.00	1.55	0.00	0.73	4.47	11.29	0.00	0.82	6.00	0.03	0.27	0.36	0.00	12.88	0.00	0.10	2.04	2.73	4.11	6.02	3.87	0.00	0.00	
202202080900	0.64	0.00	2.17	0.00	0.78	6.04	16.41	0.00	0.95	6.00	0.03	0.27	0.36	0.00	13.52	0.00	0.09	2.47	3.29	5.52	8.56	4.49	0.00	0.00	
202202081000	0.64	0.00	2.52	0.00	1.04	7.42	22.23	0.00	1.02	6.00	0.03	0.27	0.36	0.00	13.99	0.00	0.09	2.71	4.21	6.54	10.56	5.36	0.00	0.00	
202202081100	0.64	0.00	2.84	0.00	1.26	8.65	27.99	0.00	1.03	6.00	0.03	0.27	0.36	0.00	14.27	0.00	0.09	2.88	4.84	7.67	12.88	5.85	0.00	0.00	
202202081200	0.64	0.00	3.20	0.00	1.30	9.53	33.30	0.00	1.12	5.99	0.03	0.27	0.36	0.00	14.46	0.00	0.09	3.15	5.22	8.82	15.26	6.31	0.00	0.00	
202202081300	0.64	0.00	3.41	0.00	1.36	10.74	39.22	0.00	1.22	5.99	0.03	0.27	0.36	0.00	14.27	0.00	0.09	3.39	5.48	10.14	17.31	6.69	0.00	0.00	
202202081400	0.64	0.00	3.56	0.00	1.44	11.92	44.86	0.00	1.30	5.99	0.03	0.27	0.36	0.00	14.02	0.00	0.09	3.55	5.69	11.09	19.21	6.89	0.00	0.01	
202202081500	0.64	0.00	3.85	0.00	1.55	12.77	49.97	0.00	1.30	5.99	0.03	0.27	0.36	0.00	13.80	0.00	0.09	3.57	5.88	11.51	20.45	7.09	0.00	0.04	
202202081600	0.64	0.00	4.03	0.00	1.63	13.77	53.95	0.00	1.30	5.99	0.03	0.27	0.36	0.00	13.45	0.00	0.09	3.62	5.95	11.96	21.35	7.18	0.00	0.06	
202202081700	0.64	0.00	4.17	0.00	1.71	14.68	57.56	0.00	1.36	5.99	0.03	0.27	0.36	0.00	13.17	0.00	0.08	3.70	6.02	12.11	21.96	7.23	0.00	0.06	
202202081800	0.64	0.00	4.36	0.00	1.76	15.51	60.41	0.00	1.39	5.99	0.03	0.27	0.36	0.00	12.84	0.00	0.08	3.71	6.12	12.24	22.52	7.24	0.00	0.06	
202202081900	0.64	0.00	4.62	0.00	1.76	16.23	63.34	0.00	1.45	5.99	0.03	0.27	0.36	0.00	12.55	0.00	0.08	3.80	6.17	12.39	23.04	7.21	0.00	0.06	
202202082000	0.64	0.00	4.81	0.00	1.79	16.78	66.10	0.00	1.52	5.98	0.02	0.27	0.36	0.00	12.31	0.00	0.08	3.79	6.29	12.67	23.36	7.24	0.00	0.06	
202202082100	0.64	0.00	4.89	0.00	1.82	17.23	68.52	0.00	1.52	5.98	0.02	0.27	0.35	0.00	12.00	0.00	0.08	3.89	6.34	12.89	23.48	7.25	0.00	0.07	
202202082200	0.64	0.00	5.02	0.00	1.86	17.58	70.69	0.00	1.54	5.98	0.02	0.27	0.35	0.00	11.68	0.00	0.08	3.99	6.38	13.00	23.68	7.27	0.00	0.07	
202202082300	0.64	0.00	5.10	0.00	1.91	17.96	72.74	0.00	1.55	5.98	0.02	0.27	0.35	0.00	11.39	0.00	0.08	4.04	6.44	13.08	23.85	7.24	0.00	0.11	
202202090000	0.64	0.00	5.24	0.00	1.95	18.23	74.96	0.00	1.56	5.98	0.02	0.27	0.35	0.00	11.09	0.00	0.08	4.10	6.47	13.17	23.90	7.17	0.00	0.14	
202202090100	0.64	0.00	5.29	0.00	1.97	18.37	76.59	0.00	1.58	5.98	0.02	0.27	0.35	0.00	10.79	0.00	0.07	4.12	6.49	13.16	23.86	7.11	0.00	0.15	
202202090200	0.64	0.00	5.33	0.00	1.96	18.62	78.11	0.00	1.57	5.98	0.02	0.27	0.35	0.00	10.50	0.00	0.07	4.12	6.48	13.21	23.85	7.02	0.00	0.15	
202202090300	0.63	0.00	5.31	0.00	1.99	18.97	79.42	0.00	1.56	5.98	0.02	0.27	0.35	0.00	10.25	0.00	0.07	4.18	6.47	13.33	23.87	6.98	0.00	0.15	
202202090400	0.63	0.00	5.32	0.00	1.99	19.27	80.34	0.00	1.59	5.97	0.02	0.27	0.35	0.00	9.97	0.00	0.07	4.17	6.42	13.36	23.81	6.91	0.00	0.15	
202202090500	0.63	0.00	5.38	0.00	1.98	19.39	81.19	0.00	1.59	5.97	0.02	0.27	0.35	0.00	9.70	0.00	0.07	4.17	6.38	13.35	23.65	6.85	0.00	0.15	
202202090600	0.63	0.00	5.38	0.00	1.95	19.42	82.02	0.00	1.59	5.97	0.02	0.27	0.35	0.00	9.44	0.00	0.07	4.13	6.32	13.35	23.46	6.78	0.00	0.15	
202202090700	0.63	0.00	5.36	0.00	1.94	19.50	82.66	0.00	1.59	5.97	0.02	0.27	0.35	0.00	9.18	0.00	0.07	4.11	6.26	13.30	23.28	6.68	0.00	0.15	
202202090800	0.63	0.00	5.40	0.00	1.93	19.59	83.09	0.00	1.57	5.97	0.02	0.27	0.35	0.00	8.96	0.00	0.07	4.11	6.20	13.21	23.07	6.60	0.00	0.15	
202202090900	0.63	0.00	5.41	0.00	1.92	19.56	83.52	0.00	1.56	5.97	0.02	0.27	0.35	0.00	8.74	0.00	0.07	4.14	6.13	13.07	22.85	6.54	0.00	0.15	
202202091000	0.63	0.00	5.41	0.00	1.91	19.60	84.17	0.00	1.57	5.97	0.02	0.27	0.35	0.00	8.52	0.00	0.07	4.18	6.07	12.99	22.63	6.45	0.00	0.15	
202202091100	0.63	0.00	5.41	0.00	1.91	19.58	84.75	0.00	1.57	5.97	0.01	0.27	0.35	0.00	8.30	0.00	0.06	4.18	6.02	12.91	22.39	6.37	0.00	0.14	
202202091200	0.63	0.00	5.38	0.00	1.89	19.66	85.23	0.00	1.57	5.96	0.01	0.27	0.35	0.00	8.09	0.00	0.06	4.17	5.96	12.82	22.14	6.29	0.00	0.14	
202202091300	0.63	0.00	5.32	0.00	1.89	19.77	85.54	0.00	1.55	5.96	0.01	0.27	0.35	0.00	7.90	0.00	0.06	4.14	5.88	12.73	21.91	6.20	0.00	0.14	
202202091400	0.63	0.00	5.30	0.00	1.89	19.84	85.72	0.00	1.55	5.96	0.01	0.27	0.35	0.00	7.70	0.00	0.06	4.14	5.82	12.63	21.66	6.10	0.00	0.14	
202202091500	0.63	0.00	5.24	0.00	1.89	19.85	85.84	0.00	1.54	5.96	0.01	0.27	0.35	0.00	7.52	0.00	0.06	4.15	5.75	12.51	21.39	6.03	0.00	0.15	
202202091600	0.63	0.00	5.24	0.00	1.87	19.83	85.83	0.00	1.53	5.96	0.01	0.27	0.35	0.00	7.34	0.00	0.06	4.15	5.68	12.39	21.14	5.95	0.00	0.15	
202202091700	0.63	0.00	5.19	0.00	1.87	19.72	85.82	0.00	1.51	5.96	0.01	0.27	0.35	0.00	7.17	0.00	0.06	4.20	5.61	12.31	20.87	5.86	0.00	0.15	
202202091800	0.63	0.00	5.13	0.00	1.84	19.62	85.63	0.00	1.50	5.96	0.01	0.27	0.35	0.00	7.01	0.00	0.06	4.24	5.55	12.22	20.60	5.78	0.00	0.14	
202202091900	0.63	0.00	5.08	0.00	1.83	19.53	85.43	0.00	1.48	5.96	0.01	0.27	0.35	0.00	6.85	0.00	0.06	4.23	5.49	12.11	20.35	5.70	0.00	0.14	
202202092000	0.63	0.00	5.03	0.00	1.83	19.48	85.36	0.00	1.46	5.95	0.01	0.27	0.35	0.00	6.70	0.00	0.06	4.22	5.42	11.98	20.11	5.63	0.00	0.14	
202202092100	0.63	0.00	4.97	0.00	1.82	19.35	85.23	0.00	1.46	5.95	0.01	0.27	0.35	0.00	6.56	0.00	0.06	4.19	5.36	11.86	19.86	5.56	0.00	0.14	
202202092200	0.62	0.00	4.93	0.00	1.82	19.28	84.99	0.00	1.45	5.95	0.01	0.27	0.35	0.00	6.42	0.00	0.05	4.19	5.31	11.73	19.62	5.47	0.00	0.13	
202202092300	0.62	0.00	4.87	0.00	1.80	19.21	84.58	0.00	1.43	5.95	0.01	0.27	0.35	0.00	6.28	0.00	0.05	4.21	5.25	11.61	19.40	5.39	0.00	0.13	
202202100000	0.62	0.00	4.82	0.00	1.77	19.17	84.21	0.00	1.41	5.95	0.01	0.26	0.35	0.00	6.15	0.00	0.05	4.19	5.19	11.48	19.17	5.33	0.00	0.13	
202202100100	0.62	0.00	4.77	0.00	1.76	19.11	83.93	0.00	1.39	5.95	0.01	0.26	0.35	0.00	6.02	0.00	0.05	4.20	5.13	11.36	18.94	5.27	0.00	0.13	
202202100200	0.62	0.00	4.72	0.00	1.76	19.04	83.63	0.00	1.37	5.95	0.01	0.26	0.35	0.00	5.89	0.00	0.05	4.18	5.07	11.23	18.72	5.21	0.00	0.12	
202202100300	0.62	0.00	4.67	0.00	1.76	18.97	83.07	0.00	1.36	5.95	0.01	0.26	0.35	0.00	5.78	0.00	0.05	4.18	5.01	11.11	18.49	5.14	0.00	0.12	
202202100400	0.62	0.00	4.63	0.00	1.80	18.90	82.65	0.00	1.34	5.94	0.01	0.26	0.35	0.00	5.67	0.00	0.05	4.17	4.95	10.99	18.29	5.06	0.00	0.12	
202202100500	0.62	0.00	4.58	0.00	1.79	18.80	82.27	0.00	1.33	5.94	0.01	0.26	0.35	0.00	5.56	0.00	0.05	4.19	4.89	10.87	18.08	4.99	0.00	0.11	
202202100600	0.62	0.00	4.52	0.00	1.77	18.75	81.99	0.00	1.31	5.94	0.01	0.26	0.35	0.00	5.46	0.00	0.05	4.20	4.83	10.75	17.88	4.92	0.00	0.11	
202202100700	0.62	0.00	4.48	0.00	1.77	18.66	81.67	0.00	1.29	5.94	0.01	0.26	0.35	0.00	5.35	0.00	0.05	4.19	4.77	10.62	17.67	4.85	0.00	0.11	
202202100800	0.62	0.00	4.43	0.00	1.74	18.53	81.39	0.00	1.28	5.94	0.01	0.26	0.35	0.00	5.25	0.00	0.05	4.16	4.71	10.50	17.46	4.79	0.00	0.11	
202202100900	0.62	0.00	4.39	0.00	1.74	18.37	81.05	0.00	1.26	5.94	0.01	0.26	0.35	0.00	5.15	0.00	0.05	4.12	4.65	10.37	17.24	4.72	0.00	0.10	
202202101000	0.62	0.00	3.48	0.00	1.58	18.01	79.94	0.00	0.63	5.94	0.01	0.26	0.35	0.00	4.45	0.00	0.05	3.86	4.16	9.13	16.20	3.69	0.00	0.10	
202202101100	0.62	0.00	0.96	0.00	0.19	12.79	75.10	0.00	0.11	5.94	0.00	0.26	0.35	0.00	1.40	0.00	0.04	1.64	0.79	2.83	13.56	0.89	0.00	0.05	
202202101200	0.62	0.00	0.54	0.00	0.05	4.01	64.01	0.00	0.02	5.93	0.00	0.26	0.35	0.00	0.59	0.00	0.04	0.29	0.14	1.47	10.41	0.33	0.00	0.02	
202202101300	0.62	0.00	0.19	0.00	0.01	0.71	49.29	0.00	0.00	5.93	0.00	0.26	0.35	0.00	0.37	0.00	0.04	0.05	0.01	0.77	4.48	0.11	0.00	0.00	
202202101400	0.62	0.00	0.02	0.00	0.01	0.12	30.91	0.00	0.00	5.93	0.00	0.26	0.35	0.00	0.34	0.00	0.04	0.01	0.00	0.48	1.34	0.05	0.00	0.00	
202202101500	0.62	0.00	0.01	0.00	0.01	0.02	14.80	0.00	0.00	5.93	0.00	0.26	0.35	0.00	0.32	0.00	0.04	0.00	0.00	0.28	0.56	0.04	0.00	0.00	
202202101600	0.62	0.00	0.01	0.00	0.01	0.02	4.97	0.00	0.00	5.93	0.00	0.26	0.34	0.00	0.30	0.00	0.04	0.00	0.00	0.13	0.26	0.00	0.00	0.00	
202202101700	0.62	0.00	0.01	0.00	0.01	0.02	1.89	0.00	0.00	5.93	0.00	0.26	0.34	0.00	0.28	0.00	0.04	0.00	0.00	0.04	0.09	0.00	0.00	0.00	
202202101800	0.61	0.00	0.01	0.00	0.01	0.01	0.81	0.00	0.00	5.93	0.00	0.26	0.34	0.00	0.26	0.00	0.04	0.00	0.00	0.01	0.00	0.00	0.00	0.00	
202202101900	0.61	0.00	0.01	0.00	0.01	0.01	0.36	0.00	0.00	5.93	0.00	0.26	0.34	0.00	0.25	0.00	0.04	0.00	0.00	0.01	0.00	0.00	0.00	0.00	
202202102000	0.61	0.00	0.01	0.00	0.01	0.01	0.23	0.00	0.00	5.92	0.00	0.26	0.34	0.00	0.23	0.00	0.04	0.00	0.00	0.01	0.00	0.00	0.00	0.00	
202202102100	0.61	0.00	0.01	0.00	0.01	0.01	0.09	0.00	0.00	5.92	0.00	0.26	0.34	0.00	0.22	0.00	0.04	0.00	0.00	0.01	0.00	0.00	0.00	0.00	
202202102200	0.61	0.00	0.01	0.00	0.01	0.01	0.00	0.00	0.00	5.92	0.00	0.26	0.34	0.00	0.20	0.00	0.04	0.00	0.00	0.01	0.00	0.00	0.00	0.00	
202202102300	0.61	0.00	0.01	0.00	0.01	0.01	0.00	0.00	0.00	5.92	0.00	0.26	0.34	0.00	0.19	0.00	0.04	0.00	0.00	0.01	0.00	0.00	0.00	0.00	
202202110000	0.61	0.00	0.01	0.00	0.01	0.01	0.00	0.00	0.00	5.92	0.00	0.26	0.34	0.00	0.18	0.00	0.04	0.00	0.00	0.01	0.00	0.00	0.00	0.00	
202202110100	0.61	0.00	0.01	0.00	0.00	0.01	0.00	0.00	0.00	5.92	0.00	0.26	0.34	0.00	0.17	0.00	0.04	0.00	0.00	0.01	0.00	0.00	0.00	0.00	
202202110200	0.61	0.00	0.01	0.00	0.00	0.01	0.00	0.00	0.00	5.92	0.00	0.26	0.34	0.00	0.16	0.00	0.04	0.00	0.00	0.01	0.00	0.00	0.00	0.00	
