 aaaammgghhpp  ARGEME   ARMVAL   AVECAB   CAIROM   CAMINA   CARASC   FORNOL   IMPERU   MOLINE   MURIAL   NERV01   NEVCIS   PORTOV   SANTUA   STSGIU   VOBBIE   QUAZQU   BOLSTE   POLCAM   BISMOL   ROVEGN   SCRISO   CAMPST 
 202010020000     0.00     0.00     0.00     0.00     0.00     0.00     0.00     0.00     0.00     0.00     0.00     0.00     0.00     0.00     0.00     0.00     0.00     0.00     0.00     0.00     0.00     0.00     0.00
 202010020100     0.00     0.00     0.05     0.00     0.00     0.00     0.14     0.00     0.00     0.00     0.00     0.00     0.00     0.00     0.00     0.02     0.00     0.00     0.40     0.60     0.00     0.13     0.00
 202010020200     0.00     0.00     6.11     0.00     1.07     4.13     0.44     0.00     0.17     0.00     0.00     0.00     0.00     0.00     0.00     0.15     0.00     0.00     1.84     4.27     2.51     1.15     0.00
 202010020300     0.00     0.00    47.49     0.00    18.97   104.64     2.65     0.00     0.34     0.00     0.00     0.00     0.00     0.00     0.00     0.33     0.00     0.00     2.37    15.32    27.47     2.45     0.08
 202010020400     0.00     0.00    61.23     0.00   108.53   379.84    10.91     0.00     0.47     0.00     0.00     0.00     0.00     0.00     0.00     1.84     0.00     0.00     2.64    14.32    57.03     2.35     0.23
 202010020500     0.00     0.00    54.59     0.00   173.08   489.18    20.96     0.00     0.72     0.00     0.00     0.00     0.00     0.00     0.00     3.02     0.00     0.00     3.21    12.55    65.89     7.17     0.34
 202010020600     0.00     0.00    44.43     0.00   172.48   436.88    38.92     0.00     0.99     0.00     0.00     0.00     0.00     0.00     0.00     5.21     0.00     0.00     4.35    10.98    65.89    14.46     0.62
 202010020700     0.00     0.00    46.15     0.00   129.54   306.03    64.26     0.00     4.03     0.00     0.00     0.00     0.00     0.00     0.00    11.98     0.00     0.00     9.62    17.49    78.05    24.90     1.18
 202010020800     0.12     0.09   105.25     0.00    86.25   295.35   113.94     0.00     8.40     0.00     1.17     0.08     0.00     0.18     0.00    25.43     0.00     2.14    33.61    50.47   173.88    42.11     9.76
 202010020900     2.55     0.90   145.78     1.92    48.31   430.62   313.31     0.04     9.09     0.03     4.14     0.08     0.60     0.04     0.00    34.08     0.00     2.75    43.86    69.72   334.37    64.34    26.84
 202010021000     3.91     0.72   116.55     6.41    27.12   535.92   669.94     0.10     8.43     0.37     5.69     0.16     1.54     0.00     0.00    33.27     0.00     1.04    39.24    65.18   393.22    99.98    28.01
 202010021100     4.76     0.21    76.73     3.32    18.16   466.53   744.33     0.47     9.11     0.47     3.10     0.65     0.73     0.10     0.00    26.91     0.00     0.99    32.42    41.45   307.95   137.43    25.60
 202010021200     2.84     0.34    51.47     1.74    13.84   301.00   612.87     0.45     9.75     0.24     0.74     0.21     0.35     0.13     0.00    20.30     0.00     1.10    28.93    24.91   226.45   172.68    28.31
 202010021300     1.35     0.21    32.15     2.64    11.92   173.34   475.94     0.45    10.04     0.58     0.20     0.89     1.18     0.06     0.00    17.64     0.00     0.63    30.48    18.69   168.29   153.42    34.99
 202010021400     0.08     0.24    22.61     1.64    11.17   117.32   371.86     0.11     9.25     0.28     0.54     1.97     3.28     0.06     0.00    16.77     0.00     0.56    33.07    16.91   118.79   120.26    30.21
 202010021500     4.97     0.04    20.05     1.19    11.25    96.94   312.83     0.00     8.25     0.07     1.06     4.06     4.77     0.06     0.00    16.51     0.00     0.65    32.51    16.39   102.59    95.37    24.20
 202010021600    12.67     0.07    17.66     0.97    11.64    90.84   275.08     0.00     8.12     0.03     2.53     4.09    22.05     0.07     0.00    17.71     0.00     0.79    37.80    18.05    87.20    85.70    21.88
 202010021700    22.38     0.04    17.83     1.03    11.17    88.00   252.46     0.00    15.25     0.10     4.33     3.27    37.00     0.08     0.00    24.86     0.00     1.04    49.43    30.26    74.78    85.81    34.36
 202010021800    41.22     0.10    20.83     1.12    10.73    89.95   259.32     0.00    22.91     0.19     3.06     3.37    57.51     0.08     0.00    35.44     0.00     0.94    74.06    35.02    82.34    93.00    68.40
 202010021900    62.27     0.91    18.05     2.75    10.50    99.50   295.52     0.13    17.49     1.93     6.15     5.68   107.02     0.25     0.00    32.43     0.00     2.27    74.01    29.38    80.13   110.65    62.75
 202010022000   132.92     1.72    16.56     6.16    10.28    98.34   332.94     0.35    17.18     6.71    21.15    10.74   167.74     0.55     0.00    26.83     0.00     3.82    67.56    22.92    68.76   130.88    64.46
 202010022100   240.86     1.88    16.23     9.24    10.14    90.24   351.58     0.51    18.79    11.68    48.46    18.42   255.02     0.53     0.00    22.38     0.00     5.81    57.32    19.90    65.37   131.84    89.66
 202010022200   365.73     7.18    16.46    12.18    10.17    87.93   339.66     1.01    18.61    22.36   111.62    30.98   409.40     0.53     0.24    20.18     0.00     6.84    54.75    19.80    61.88   111.64   104.47
 202010022300   536.79    56.31    16.60    14.52     9.91    89.98   332.57     3.69    14.13    45.05   197.88    49.60   510.45     1.00     0.49    20.26     0.00     6.17    54.14    19.01    63.23    96.42    82.43
 202010030000   748.20    89.34    16.09    21.53     9.64    90.14   333.20     9.30    11.17    78.91   239.90    99.19   639.34     1.46     0.62    20.38     0.00     5.96    49.88    17.75    62.79    87.97    55.53
 202010030100   790.48    63.78    15.86    30.99     9.45    87.75   311.35    18.31    10.75   119.31   212.12   121.27   754.33     2.40     2.87    20.39     0.52     7.82    46.43    16.64    60.13    84.99    43.70
 202010030200   580.52    31.02    17.13    49.46     9.58    85.87   297.84    25.31    16.88   155.95   131.56   115.80   721.59     3.24     4.66    22.13     1.16    12.23    46.51    19.37    62.12    86.63    54.15
 202010030300   310.85    15.23    33.49    56.22    13.21    95.14   296.00    22.02    23.36   128.57    76.29    81.46   501.81     3.44     3.79    38.44     0.81    10.24    78.54    41.07   105.98   102.34    76.80
 202010030400   171.25    17.52    55.48    49.35    30.32   165.78   286.20    17.53    16.83    90.08    68.32    49.34   289.73     3.22     3.60    51.31     1.05     8.67    97.56    60.06   187.98   120.27    64.08
 202010030500   151.10    18.64    56.16    42.51    37.72   282.38   292.42    14.39    13.23    65.22    76.40    40.56   190.31     3.51     3.77    48.67     1.54     7.70    82.01    55.26   203.95   158.14    46.22
 202010030600   154.33    13.56    62.19    38.27    46.03   334.79   331.36    13.29    12.64    49.33    64.79    42.05   168.81     4.43     4.06    53.75     1.92     7.59    76.63    56.46   207.56   222.34    39.61
 202010030700   125.40    10.09    70.48    37.68    53.25   371.98   418.55    12.62    13.02    43.55    46.16    37.62   155.55     3.79     3.69    70.76     1.71     7.21   109.82    87.75   227.76   255.47    42.24
 202010030800    87.45     8.65    65.87    35.89    49.16   411.90   568.75    10.72    10.63    38.37    35.92    31.17   120.58     3.59     3.06    72.03     1.80     6.55   119.77   103.28   237.48   275.91    34.64
 202010030900    66.21     8.09    59.37    34.07    41.94   411.17   735.23     9.19     8.98    34.45    32.21    27.33    95.55     3.64     2.84    65.85     1.82     5.67    99.84    81.08   228.70   301.79    27.89
 202010031000    57.94     7.71    47.73    31.40    34.88   376.04   840.40     8.34     7.88    31.50    30.87    25.72    80.94     3.73     2.79    47.88     1.76     5.35    78.35    51.26   199.83   316.96    23.48
 202010031100    55.31     7.55    34.16    30.10    27.50   307.93   870.76     8.10     7.16    29.49    30.07    25.33    75.02     3.65     2.55    29.80     1.79     5.14    58.51    30.87   151.15   280.44    21.21
 202010031200    53.83     7.40    24.77    29.25    19.51   213.98   861.71     8.14     6.91    28.69    29.46    25.09    71.74     3.62     2.40    21.49     1.82     4.97    47.51    21.70   107.49   213.86    19.78
 202010031300    52.72     7.26    19.62    28.70    15.02   145.15   774.14     8.35     6.73    28.24    28.92    24.81    69.62     3.60     2.30    17.74     1.83     4.83    39.92    18.29    78.48   149.74    18.53
 202010031400    51.70     7.12    17.42    28.43    12.48   108.84   650.98     8.51     6.58    27.88    28.44    24.55    67.61     3.58     2.21    16.92     1.83     4.69    36.60    17.29    61.16   109.26    17.63
 202010031500    50.68     7.04    15.88    28.19    11.30    94.43   533.67     8.65     6.44    27.66    27.96    24.31    65.73     3.55     2.15    16.44     1.84     4.59    34.97    16.81    53.86    85.72    17.15
 202010031600    49.69     6.93    15.24    28.04    10.85    88.98   437.90     8.67     6.30    27.27    27.45    24.03    63.95     3.51     2.08    16.07     1.83     4.49    34.21    16.46    49.50    74.70    16.74
 202010031700    48.68     6.81    14.95    27.89    10.62    86.10   365.06     8.70     6.16    27.02    26.99    23.89    62.22     3.49     2.04    15.74     1.80     4.40    33.57    16.12    46.39    68.43    16.35
 202010031800    47.69     6.69    14.69    27.69    10.41    84.12   317.96     8.75     6.03    26.74    26.51    23.57    60.59     3.47     1.99    15.41     1.78     4.32    32.94    15.80    44.14    65.31    15.97
 202010031900    46.73     6.57    14.48    27.36    10.19    82.63   293.23     8.81     5.90    26.33    26.02    23.25    58.98     3.43     1.97    15.10     1.76     4.23    32.34    15.49    42.85    63.55    15.61
 202010032000    45.80     6.45    14.34    27.01    10.04    81.27   279.31     8.82     5.77    25.88    25.54    22.96    57.46     3.39     1.97    14.86     1.73     4.16    31.78    15.24    42.13    62.34    15.26
 202010032100    44.89     6.36    14.50    26.75    10.47    80.54   273.97     8.84     5.65    25.49    25.08    22.61    56.00     3.34     1.94    14.78     1.70     4.09    31.61    15.63    41.99    61.27    14.99
 202010032200    44.06     6.25    14.51    26.48    10.77    80.79   287.52     8.81     5.53    25.09    24.63    22.35    54.72     3.30     1.90    14.46     1.67     4.03    31.02    15.26    42.07    60.66    14.67
 202010032300    43.18     6.14    14.10    26.12    10.30    80.35   322.43     8.78     5.41    24.61    24.18    22.01    53.60     3.24     1.86    14.09     1.65     3.96    30.34    14.75    41.31    61.01    14.30
 202010040000    42.25     6.03    14.45    25.76     9.82    78.01   381.96     8.71     5.30    24.15    23.74    21.67    52.11     3.19     1.83    13.72     1.64     3.89    29.75    14.26    41.23    60.21    13.96
 202010040100    41.41     5.92    13.65    25.43     9.32    76.28   439.41     8.67     5.19    23.73    23.31    21.36    50.83     3.15     1.80    13.39     1.62     3.81    29.15    13.87    39.79    58.30    13.65
 202010040200    40.59     5.82    13.32    25.08     9.02    74.29   498.07     8.62     5.08    23.34    22.98    21.05    49.60     3.13     1.76    13.10     1.59     3.74    28.60    13.59    38.77    56.49    13.36
 202010040300    39.82     5.72    12.90    24.69     8.82    72.92   503.45     8.55     4.97    22.99    22.61    20.71    48.42     3.08     1.73    12.82     1.56     3.67    28.07    13.33    37.79    55.15    13.07
 202010040400    36.83     5.28    11.02    23.37     7.11    70.26   446.67     7.33     2.75    20.67    20.18    19.37    45.54     2.60     1.09    11.28     1.07     2.56    26.85    11.90    34.81    52.20    10.67
 202010040500    24.41     0.78     4.49    17.92     2.60    53.16   368.27     2.25     1.00    15.32     8.46    10.66    34.29     0.99     0.84     4.35     0.35     0.95    14.26     4.16    19.53    45.17     3.86
 202010040600    10.43     0.25     2.66    10.50     1.12    25.12   298.77     0.90     0.40     6.56     2.08     1.39    14.58     0.61     0.63     1.52     0.17     0.45     6.31     1.46     9.89    35.99     1.73
 202010040700     1.76     0.02     0.99     6.28     0.32     8.43   241.20     0.19     0.02     3.39     0.60     0.33     2.95     0.35     0.45     0.22     0.08     0.18     2.48     0.36     5.74    19.59     0.78
 202010040800     0.45     0.01     0.22     3.32     0.03     2.98   163.91     0.06     0.00     1.53     0.27     0.01     0.66     0.15     0.34     0.00     0.03     0.09     0.88     0.09     3.25     8.46     0.36
 202010040900     0.09     0.00     0.02     1.43     0.00     0.71    91.71     0.01     0.00     0.56     0.07     0.00     0.08     0.06     0.18     0.00     0.00     0.04     0.25     0.00     1.79     3.60     0.18
 202010041000     0.00     0.00     0.00     0.51     0.00     0.17    42.55     0.00     0.00     0.26     0.00     0.00     0.00     0.01     0.09     0.00     0.00     0.01     0.01     0.00     1.18     1.54     0.05
 202010041100     0.00     0.00     0.00     0.06     0.00     0.07    20.39     0.00     0.00     0.03     0.00     0.00     0.00     0.00     0.05     0.00     0.00     0.00     0.00     0.00     0.55     0.52     0.00
 202010041200     0.00     0.00     0.00     0.00     0.00     0.00     9.11     0.00     0.00     0.00     0.00     0.00     0.00     0.00     0.02     0.00     0.00     0.00     0.00     0.00     0.32     0.07     0.00
 202010041300     0.00     0.00     0.00     0.00     0.00     0.00     4.06     0.00     0.00     0.00     0.00     0.00     0.00     0.00     0.00     0.00     0.00     0.00     0.00     0.00     0.17     0.00     0.00
 202010041400     0.00     0.00     0.00     0.00     0.00     0.00     2.06     0.00     0.00     0.00     0.00     0.00     0.00     0.00     0.00     0.00     0.00     0.00     0.00     0.00     0.00     0.00     0.00
 202010041500     0.00     0.00     0.00     0.00     0.00     0.00     0.88     0.00     0.00     0.00     0.00     0.00     0.00     0.00     0.00     0.00     0.00     0.00     0.00     0.00     0.00     0.00     0.00
 202010041600     0.00     0.00     0.00     0.00     0.00     0.00     0.30     0.00     0.00     0.00     0.00     0.00     0.00     0.00     0.00     0.00     0.00     0.00     0.00     0.00     0.00     0.00     0.00
 202010041700     0.00     0.00     0.00     0.00     0.00     0.00     0.07     0.00     0.00     0.00     0.00     0.00     0.00     0.00     0.00     0.00     0.00     0.00     0.00     0.00     0.00     0.00     0.00
 202010041800     0.00     0.00     0.00     0.00     0.00     0.00     0.01     0.00     0.00     0.00     0.00     0.00     0.00     0.00     0.00     0.00     0.00     0.00     0.00     0.00     0.00     0.00     0.00
 202010041900     0.00     0.00     0.00     0.00     0.00     0.00     0.00     0.00     0.00     0.00     0.00     0.00     0.00     0.00     0.00     0.00     0.00     0.00     0.00     0.00     0.00     0.00     0.00
 202010042000     0.00     0.00     0.00     0.00     0.00     0.00     0.00     0.00     0.00     0.00     0.00     0.00     0.00     0.00     0.00     0.00     0.00     0.00     0.00     0.00     0.00     0.00     0.00
