 aaaammgghhpp  AULE00   BOVARA   MAGR01   STUVIG   ARGCAP   GATTOR   LICTAV   BAGNON   PTEGLI   SCRI01   BRUDIG 
 202010010000     0.00     0.00     0.00     0.00     0.00     0.00     0.00     0.00     0.00     0.00     0.00
 202010010100     0.00     0.00     0.00     0.00     0.00     0.00     0.00     0.00     0.00     0.00     0.00
 202010010200     0.00     0.00     0.00     0.00     0.00     0.00     0.00     0.00     0.00     0.00     0.00
 202010010300     0.00     0.00     0.06     0.00     0.00     0.00     0.00     0.00     0.00     0.02     0.00
 202010010400     0.05     0.00     0.13     0.00     0.00     0.00     0.00     0.00     0.00     0.05     0.00
 202010010500     0.07     0.00     0.16     0.00     0.00     0.00     0.00     0.00     0.00     0.57     0.05
 202010010600     0.10     0.03     0.19     0.06     0.00     0.01     0.00     0.00     0.00     1.39     0.19
 202010010700     0.10     0.08     0.19     0.06     0.00     0.02     0.00     0.00     0.00     2.76     0.48
 202010010800     0.10     0.11     0.19     0.15     0.00     0.06     0.00     0.00     0.00     4.00     0.68
 202010010900     0.12     0.11     0.19     0.27     0.00     0.08     0.00     0.00     0.01     4.77     0.90
 202010011000     0.11     0.14     0.21     0.36     0.00     0.11     0.01     0.00     0.01     6.11     1.22
 202010011100     0.12     0.18     0.22     0.44     0.00     0.14     0.01     0.00     0.01     7.66     1.31
 202010011200     0.12     0.22     0.23     0.50     0.00     0.14     0.01     0.00     0.01     8.72     1.44
 202010011300     0.11     0.30     0.22     0.53     0.00     0.16     0.01     0.00     0.01     9.37     1.63
 202010011400     0.14     0.41     0.22     0.64     0.00     0.19     0.00     0.00     0.01     9.93     1.84
 202010011500     0.15     0.44     0.21     0.71     0.00     0.19     0.00     0.00     0.01    10.48     2.02
 202010011600     0.15     0.48     0.21     0.76     0.00     0.20     0.00     0.00     0.01    10.79     2.06
 202010011700     0.16     0.54     0.21     0.87     0.00     0.22     0.00     0.00     0.01    11.18     2.17
 202010011800     0.15     0.55     0.21     1.01     0.00     0.28     0.00     0.00     0.01    11.41     2.24
 202010011900     0.15     0.64     0.23     1.31     0.00     0.42     0.00     0.00     0.00    11.58     2.28
 202010012000     0.14     0.82     0.39     2.00     0.00     0.88     0.00     0.00     0.01    13.38     3.20
 202010012100     0.15     1.04     0.53     4.37     0.00     1.22     0.00     0.00     0.01    26.93     7.48
 202010012200     0.19     1.90     1.03    10.41     0.00     1.92     0.00     0.00     0.04    34.18    18.01
 202010012300     0.73     2.72     1.05    16.59     0.00     2.53     0.08     0.00     0.04    60.83    34.97
 202010020000     1.47     3.01     1.35    15.59     0.00     3.07     0.59     0.00     0.14    89.51    46.06
 202010020100     4.54     3.91     1.80    16.63     0.00     5.86     1.62     0.01     0.12   101.18    50.82
 202010020200    11.96     9.32     5.91    28.37     0.00    14.42     2.34     0.04     0.23   113.97    49.14
 202010020300     8.66    23.37    11.24   109.64     0.00    16.57     2.02     0.09     0.82   109.19    44.05
 202010020400     6.15    40.51    15.83   252.54     0.00    12.77     2.19     0.06     1.87    94.49    33.37
 202010020500     4.62    75.31    20.74   273.80     0.00     8.61     1.99     0.05     3.44    72.02    22.62
 202010020600     4.82   191.54    31.62   213.18     0.00     7.08     1.25     0.04     4.38    55.08    18.61
 202010020700     3.94   501.81    36.59   154.75     0.00    22.03     1.25     0.08     5.65    56.39    25.18
 202010020800     3.68   616.84    40.10   161.63     0.09    87.14     0.93     0.11     7.75    98.77    55.62
 202010020900     3.35   498.04    47.81   175.50     2.83   103.84     1.01     0.09     8.74   153.65    95.79
 202010021000     3.30   360.84    58.85   145.60     2.09    67.87     0.87     0.06    12.05   187.28    85.83
 202010021100     3.25   242.68    66.18   102.76     0.78    37.84     0.73     0.16    13.12   153.55    65.91
 202010021200     2.88   180.74    73.08    64.66     0.05    21.41     0.66     0.09    15.24   107.81    37.78
 202010021300     2.73   131.99    77.54    43.99     0.75    16.59     0.63     0.07    16.71    74.93    22.35
 202010021400     2.67   105.19    82.29    36.27    12.33    15.75     0.64     0.06    14.83    59.42    17.57
 202010021500     2.65    91.67   111.86    33.79    13.33    15.86     0.63     0.07    23.61    49.48    15.80
 202010021600     2.66    88.32   139.37    32.63    34.08    17.18     0.71     0.10    25.23    46.16    13.79
 202010021700     2.80    97.37   148.39    30.93    43.81    24.35     0.91     0.10    21.90    62.84    17.57
 202010021800     2.86   119.98   155.33    30.33    83.22    27.56     1.06     0.11    20.32    89.37    19.79
 202010021900     2.89   104.18   153.47    28.98   143.82    22.46     0.80     0.15    16.77    88.41    16.76
 202010022000     2.72    99.04   150.01    27.80   244.69    19.62     0.79     0.17    17.55    69.75    13.41
 202010022100     2.59   107.43   130.57    27.85   288.90    21.00     0.78     0.16    15.05    56.49    10.13
 202010022200     2.58   105.47   117.26    30.00   337.74    22.85     0.75     0.21    14.95    49.41    10.22
 202010022300     2.60    99.45   118.12    30.11   424.28    21.29     0.73     0.25    16.32    47.06    10.98
 202010030000     2.57    99.82   109.68    28.70   415.80    19.57     0.73     0.25    14.77    46.16    10.67
 202010030100     2.52    96.31   106.26    28.32   274.67    18.46     0.73     0.26    15.13    44.85    10.67
 202010030200     2.50    93.40   109.12    28.54   130.34    23.11     0.75     0.26    14.58    48.93    18.73
 202010030300     2.65    94.98   129.02    41.06    71.78    48.64     0.81     0.30    18.62    91.42    39.55
 202010030400     3.36   108.45   163.07    89.44    83.40    64.48     2.26     0.68    23.48   146.21    45.69
 202010030500     6.68   144.28   223.75   118.23    85.93    56.44     2.53     1.18    38.17   147.96    45.96
 202010030600    12.39   207.81   240.11   138.10    61.29    69.41     6.53     0.87    36.82   154.46    45.42
 202010030700    20.54   280.61   244.98   160.32    38.58    97.88     6.76     1.88    46.18   195.93    49.50
 202010030800    26.03   301.28   254.18   153.18    28.42    95.00     9.89     2.42    43.53   227.16    53.20
 202010030900    37.93   319.66   233.78   136.87    25.48    77.55    11.44     2.91    37.95   213.19    52.09
 202010031000    44.54   308.59   198.56   120.96    24.38    48.48    12.44     2.54    28.67   163.06    37.77
 202010031100    44.82   271.51   155.28    92.44    23.82    29.22    10.92     2.75    21.35   110.19    23.62
 202010031200    36.65   223.42   122.71    63.32    23.32    21.35     8.15     2.69    17.25    76.41    13.85
 202010031300    29.42   181.17    95.26    44.89    22.84    19.24     6.62     2.56    14.39    57.12     9.17
 202010031400    25.49   145.35    77.84    35.27    22.37    18.78     4.85     2.50    12.97    47.73     8.10
 202010031500    21.63   118.56    69.26    30.88    21.91    18.45     4.44     2.44    12.17    42.61     7.72
 202010031600    20.97   103.20    64.89    29.28    21.45    18.14     4.16     2.51    11.83    40.01     7.53
 202010031700    20.23    94.99    62.71    28.38    21.01    17.83     4.12     2.52    11.59    38.71     7.38
 202010031800    19.85    90.18    61.36    27.74    20.58    17.53     4.11     2.58    11.39    37.90     7.23
 202010031900    19.60    87.47    60.26    27.29    20.15    17.28     4.09     2.59    11.20    37.14     7.19
 202010032000    19.77    86.14    59.86    27.00    19.75    17.17     4.36     2.96    11.27    36.84     7.28
 202010032100    23.70    87.41    66.60    27.40    19.44    17.46     6.26     3.74    13.90    37.66     7.25
 202010032200    31.48    91.94    77.07    27.63    18.96    16.83     9.32     5.14    15.60    37.26     7.05
 202010032300    44.39    99.62    98.62    23.76    15.08    13.15    12.67     4.76    24.62    33.63     4.48
 202010040000    54.42    89.27    68.14     8.68     3.26     3.93    15.25     1.06    14.68    18.13     2.14
 202010040100    57.77    68.96    31.63     3.57     0.81     1.23     5.24     0.59     8.33     7.87     0.93
 202010040200    24.25    36.97    14.86     1.26     0.17     0.09     3.19     0.31     2.72     3.44     0.12
 202010040300    12.68    18.06     5.11     0.33     0.00     0.00     0.51     0.32     0.76     1.41     0.02
 202010040400     4.36     8.37     1.28     0.16     0.00     0.00     0.13     0.06     0.24     0.51     0.00
 202010040500     2.99     3.64     0.22     0.11     0.00     0.00     0.00     0.00     0.00     0.09     0.00
 202010040600     2.05     1.47     0.07     0.00     0.00     0.00     0.00     0.00     0.00     0.00     0.00
 202010040700     1.35     0.56     0.00     0.00     0.00     0.00     0.00     0.00     0.00     0.00     0.00
 202010040800     1.25     0.20     0.00     0.00     0.00     0.00     0.00     0.00     0.00     0.00     0.00
 202010040900     0.74     0.04     0.00     0.00     0.00     0.00     0.00     0.00     0.00     0.00     0.00
 202010041000     0.43     0.00     0.00     0.00     0.00     0.00     0.00     0.00     0.00     0.00     0.00
 202010041100     0.16     0.00     0.00     0.00     0.00     0.00     0.00     0.00     0.00     0.00     0.00
 202010041200     0.08     0.00     0.00     0.00     0.00     0.00     0.00     0.00     0.00     0.00     0.00
 202010041300     0.00     0.00     0.00     0.00     0.00     0.00     0.00     0.00     0.00     0.00     0.00
