 aaaammgghhpp  AULE00   BOVARA   MAGR01   STUVIG   ARGCAP   GATTOR   LICTAV   BAGNON   PTEGLI   SCRI01   BRUDIG 
 202009290000     0.00     0.00     0.00     0.00     0.00     0.00     0.00     0.00     0.00     0.00     0.00
 202009290100     0.00     0.00     0.00     0.00     0.00     0.00     0.00     0.00     0.00     0.00     0.00
 202009290200     0.00     0.00     0.01     0.00     0.00     0.00     0.00     0.00     0.00     0.00     0.00
 202009290300     0.00     0.00     0.15     0.00     0.00     0.00     0.00     0.00     0.00     0.05     0.00
 202009290400     0.07     0.06     0.23     0.00     0.00     0.00     0.00     0.00     0.00     0.06     0.00
 202009290500     0.11     0.15     0.26     0.07     0.00     0.00     0.00     0.00     0.00     0.50     0.05
 202009290600     0.13     0.21     0.26     0.07     0.00     0.05     0.00     0.00     0.00     1.35     0.20
 202009290700     0.15     0.65     0.27     0.14     0.00     0.10     0.00     0.00     0.01     2.64     0.48
 202009290800     0.17     0.96     0.32     0.30     0.00     0.11     0.01     0.00     0.01     3.89     0.67
 202009290900     0.16     1.14     0.37     0.48     0.00     0.17     0.01     0.00     0.01     4.99     0.90
 202009291000     0.16     1.44     0.37     0.59     0.00     0.22     0.01     0.00     0.01     6.21     1.22
 202009291100     0.18     1.93     0.43     0.70     0.00     0.23     0.01     0.00     0.01     7.48     1.32
 202009291200     0.20     2.33     0.46     0.74     0.00     0.25     0.01     0.00     0.01     8.39     1.46
 202009291300     0.20     2.79     0.47     0.82     0.00     0.28     0.01     0.00     0.03     9.28     1.66
 202009291400     0.19     3.08     0.49     0.93     0.00     0.32     0.01     0.00     0.10     9.99     1.88
 202009291500     0.21     3.29     0.54     1.04     0.00     0.36     0.00     0.00     0.12    10.47     2.02
 202009291600     0.22     3.72     0.58     1.14     0.00     0.42     0.00     0.00     0.14    10.82     2.08
 202009291700     0.24     4.20     0.60     1.19     0.00     0.46     0.00     0.00     0.16    11.27     2.17
 202009291800     0.24     4.51     0.60     1.26     0.00     0.48     0.00     0.00     0.16    11.58     2.24
 202009291900     0.24     4.69     0.65     1.34     0.00     0.51     0.00     0.00     0.15    11.76     2.30
 202009292000     0.23     4.84     0.66     1.35     0.00     0.52     0.00     0.00     0.15    11.93     2.33
 202009292100     0.23     5.08     0.67     1.49     0.00     0.51     0.00     0.00     0.16    12.11     2.37
 202009292200     0.22     5.31     0.66     1.53     0.00     0.52     0.00     0.00     0.16    12.34     2.39
 202009292300     0.22     5.48     0.66     1.56     0.00     0.53     0.00     0.00     0.16    12.39     2.38
 202009300000     0.23     5.68     0.68     1.57     0.00     0.53     0.00     0.00     0.16    12.46     2.41
 202009300100     0.22     5.97     0.68     1.57     0.00     0.52     0.00     0.00     0.19    12.50     2.46
 202009300200     0.21     6.23     0.67     1.59     0.00     0.52     0.00     0.00     0.19    12.51     2.46
 202009300300     0.20     6.53     0.66     1.61     0.00     0.53     0.00     0.00     0.18    12.48     2.48
 202009300400     0.20     6.68     0.65     1.65     0.00     0.53     0.00     0.00     0.18    12.59     2.47
 202009300500     0.20     6.94     0.64     1.72     0.00     0.53     0.00     0.00     0.18    12.55     2.45
 202009300600     0.19     7.04     0.64     1.75     0.00     0.52     0.00     0.00     0.18    12.56     2.43
 202009300700     0.19     7.13     0.63     1.73     0.00     0.52     0.00     0.00     0.19    12.46     2.42
 202009300800     0.18     7.26     0.64     1.77     0.00     0.55     0.00     0.00     0.19    12.38     2.40
 202009300900     0.18     7.34     0.65     1.78     0.00     0.57     0.00     0.00     0.19    12.29     2.38
 202009301000     0.18     7.45     0.64     1.77     0.00     0.57     0.00     0.00     0.19    12.20     2.35
 202009301100     0.19     7.50     0.63     1.75     0.00     0.57     0.00     0.00     0.19    12.10     2.32
 202009301200     0.19     7.51     0.63     1.74     0.00     0.58     0.00     0.00     0.19    11.97     2.30
 202009301300     0.18     7.57     0.62     1.74     0.00     0.60     0.00     0.00     0.19    11.85     2.29
 202009301400     0.18     7.68     0.62     1.78     0.00     0.63     0.00     0.00     0.19    11.76     2.28
 202009301500     0.17     7.74     0.61     1.77     0.00     0.65     0.00     0.00     0.20    11.64     2.27
 202009301600     0.17     7.82     0.63     1.78     0.00     0.65     0.00     0.00     0.20    11.54     2.24
 202009301700     0.16     8.03     0.64     1.77     0.00     0.64     0.00     0.00     0.21    11.45     2.22
 202009301800     0.16     8.12     0.64     1.77     0.00     0.64     0.00     0.00     0.21    11.33     2.20
 202009301900     0.15     8.17     0.65     1.76     0.00     0.64     0.00     0.00     0.21    11.24     2.20
 202009302000     0.15     8.18     0.64     1.76     0.00     0.64     0.00     0.00     0.21    11.13     2.19
 202009302100     0.14     8.16     0.65     1.77     0.00     0.67     0.00     0.00     0.20    11.03     2.17
 202009302200     0.14     8.21     0.65     1.75     0.00     0.68     0.00     0.00     0.20    10.91     2.16
 202009302300     0.13     8.22     0.64     1.75     0.00     0.68     0.00     0.00     0.20    10.81     2.13
 202010010000     0.13     8.23     0.64     1.78     0.00     0.73     0.00     0.00     0.20    10.74     2.11
 202010010100     0.12     8.22     0.63     1.79     0.00     0.74     0.00     0.00     0.20    10.62     2.09
 202010010200     0.12     8.27     0.63     1.78     0.00     0.74     0.00     0.00     0.20    10.50     2.08
 202010010300     0.11     8.37     0.62     1.79     0.00     0.74     0.00     0.00     0.19    10.38     2.06
 202010010400     0.11     8.39     0.63     1.80     0.00     0.73     0.00     0.00     0.19    10.26     2.03
 202010010500     0.11     8.43     0.63     1.81     0.00     0.73     0.00     0.00     0.19    10.14     2.01
 202010010600     0.10     8.51     0.63     1.83     0.00     0.73     0.00     0.00     0.22    10.03     1.99
 202010010700     0.10     8.53     0.62     1.86     0.00     0.73     0.00     0.00     0.26     9.92     1.97
 202010010800     0.10     8.53     0.62     1.84     0.00     0.74     0.00     0.00     0.27     9.80     1.95
 202010010900     0.09     8.53     0.62     1.86     0.00     0.74     0.00     0.00     0.28     9.68     1.93
 202010011000     0.09     8.50     0.65     1.85     0.00     0.75     0.00     0.00     0.28     9.56     1.91
 202010011100     0.09     8.50     0.65     1.84     0.00     0.77     0.00     0.00     0.29     9.44     1.88
 202010011200     0.09     8.26     0.59     1.38     0.00     0.62     0.00     0.00     0.30     8.56     0.95
 202010011300     0.08     6.35     0.53     0.49     0.00     0.03     0.00     0.00     0.14     3.34     0.24
 202010011400     0.08     3.15     0.05     0.12     0.00     0.02     0.00     0.00     0.06     0.93     0.05
 202010011500     0.02     0.64     0.01     0.02     0.00     0.00     0.00     0.00     0.02     0.39     0.00
 202010011600     0.00     0.30     0.00     0.00     0.00     0.00     0.00     0.00     0.00     0.16     0.00
 202010011700     0.00     0.14     0.00     0.00     0.00     0.00     0.00     0.00     0.00     0.07     0.00
 202010011800     0.00     0.06     0.00     0.00     0.00     0.00     0.00     0.00     0.00     0.00     0.00
 202010011900     0.00     0.03     0.00     0.00     0.00     0.00     0.00     0.00     0.00     0.00     0.00
 202010012000     0.00     0.02     0.00     0.00     0.00     0.00     0.00     0.00     0.00     0.00     0.00
 202010012100     0.00     0.00     0.00     0.00     0.00     0.00     0.00     0.00     0.00     0.00     0.00
 202010012200     0.00     0.00     0.00     0.00     0.00     0.00     0.00     0.00     0.00     0.00     0.00
 202010012300     0.00     0.00     0.00     0.00     0.00     0.00     0.00     0.00     0.00     0.00     0.00
 202010020000     0.00     0.00     0.00     0.00     0.00     0.00     0.00     0.00     0.00     0.00     0.00
 202010020100     0.00     0.00     0.00     0.00     0.00     0.00     0.00     0.00     0.00     0.00     0.00
 202010020200     0.00     0.00     0.00     0.00     0.00     0.00     0.00     0.00     0.00     0.00     0.00
